Array of Bytes 

P1 Assist POS X

00 00 E6 C2 00 00 C8 43 00 00 9B 43 00 00 00 00 00 00 00 00 00 00 00 00 00 00 00 00 00 00 00 00 00 00 00 00 00 00 00 00 00 00 00 00 00 00 00 00 00 00 00 00 00 00 00 00 00 00 00 00 00 00 00 00 00 00 00 00 00 00 00 00 00 00 00 00 00 00 00 00 30 81 4F 00 00 00 80 3F 00 00 00 00 00 00 00 00 00 00 00 00 00 00 00 00 00 00 80 3F 00 00 00 00 00 00 00 00 00 00 00 00 00 00 00 00 00 00 80 3F 00 00 00 00 00

P2_Assist POS X

00 00 E6 42 00 00 C8 43 00 00 9B 43 00 00 00 00 00 00 00 00 00 00 00 00 00 00 00 00 00 00 00 00 00 00 00 00 00 00 00 00 00 00 00 00 00 00 00 00 00 00 00 00 00 00 00 00 00 00 00 00 00 00 00 00 00 00 00 00 00 00 00 00 00 00 00 00 00 00 00 00 30 81 4F 00 00 00 80 3F 00 00 00 00 00 00 00 00 00 00 00 00 00 00 00 00 00 00 80 3F 00 00 00 00 00 00 00 00 00 00 00 00 00 00 00 00 00 00 80 3F 00 00 00 00 00

Recommend!: Byte01 // 0/1